Scenario3-5000b,600,0.1s-#19.sca-5000b
numNodes= 50 100 150 200 250 300 350 400 450 500 550 600
maxBackOff= 0.04 0.06 0.1



ChannelOccupation
58.8541666667 58.8645833333 58.4375 58.5104166667 57.9479166667 57.5104166667 57.6041666667 57.4583333333 57.1875 56.6979166667 55.9895833333 55.8333333333
61.1458333333 60.625 60.4270833333 60.5208333333 60.3958333333 60.3125 60.6770833333 59.8541666667 59.8541666667 59.6770833333 59.46875 59.53125
58.75 58.75 58.7916666667 58.7604166667 58.6666666667 58.3541666667 58.625 59.0729166667 58.3854166667 58.5416666667 58.8125 58.5729166667


SuccessCycles%
34.05 34.15 33.45 33.7 32.7 32.2 32.2 32.2 31.7 31.15 30.0 29.85
51.35 50.1 49.6 49.85 49.7 49.25 50.15 48.45 48.35 48.1 47.55 47.7
70.4 70.25 70.55 70.3 70.05 69.1 69.95 71.3 69.15 69.65 70.5 69.7


Fairness%
282.55 141.05 93.3 69.85 55.25 45.6 39.2 34.1 30.1 26.65 24.0 21.9
293.5 145.2 96.25 72.35 57.6 47.8 41.2 35.5 31.4 28.25 25.5 23.3
282.0 140.7 93.7 70.2 56.0 46.2 39.75 35.05 30.75 27.75 25.15 23.0
