Scenario10-maxBackOff=0.12s
numNodes= 50 100 150 200 250 300 350 400 450 500 550 600 650 700 750 800
mediaExp= 0.1 0.125 0.15 0.2



ChannelOccupation
49.0333333333 48.9733333333 49.1133333333 48.8066666667 49.0533333333 48.88 48.98 49.2 49.1466666667 48.94 48.96 49.2266666667 49.1333333333 49.1533333333 48.9466666667 49.1933333333
51.5266666667 51.8466666667 51.6466666667 51.6933333333 51.66 51.9466666667 51.7533333333 51.66 51.7 51.6533333333 51.6066666667 51.4066666667 51.4266666667 51.0333333333 51.4266666667 51.16
53.5066666667 53.44 53.2333333333 53.26 52.86 52.8466666667 52.6133333333 52.2933333333 52.16 51.58 51.44 50.9133333333 50.4133333333 49.5933333333 49.2066666667 48.4133333333
55.2866666667 54.72 53.3466666667 51.48 48.5 45.7066666667 42.1 38.4733333333 34.3066666667 30.5666666667 26.7066666667 23.0733333333 20.4666666667 17.0333333333 14.36 12.0266666667


SuccessCycles%
68.88 68.72 69.12 68.2 69.04 68.44 68.72 69.4 69.12 68.6 68.68 69.44 69.16 69.24 68.72 69.32
76.56 77.68 77.04 77.2 77.12 77.96 77.28 77.08 77.12 77.12 76.88 76.24 76.2 74.96 76.16 75.32
83.28 83.2 82.28 82.48 81.16 81.16 80.2 79.16 78.76 76.76 76.44 74.64 73.04 70.6 69.48 66.96
90.08 87.76 82.8 76.44 67.28 59.92 51.2 43.64 36.32 30.4 24.96 20.4 17.52 13.84 11.08 9.04


Fairness%
294.2 146.64 97.84 72.84 58.52 48.48 41.6 36.44 32.28 28.92 26.2 24.16 22.2 20.68 19.0 17.96
309.16 155.28 103.0 77.12 61.68 51.44 43.92 38.28 34.0 30.6 27.88 25.24 23.2 21.36 20.04 18.88
321.08 160.16 106.28 79.48 63.0 52.36 44.64 38.92 34.36 30.52 27.64 25.0 22.92 20.92 19.2 17.8
331.8 163.88 106.4 76.92 57.76 45.28 35.68 28.36 22.44 17.8 14.2 11.04 8.96 6.84 5.32 4.04

Analytical
0.923821990154 0.923456258395 0.923206361186 0.922984898375 0.922774540606 0.922569546704 0.922367449316 0.922167010265 0.921967562412 0.921768693891 0.921570136008 0.921371715832 0.921173318265 0.920974859646 0.920776275257 0.920577514964
0.959373968624 0.9585144434 0.95772010832 0.956933502071 0.956143148235 0.9553451685 0.954537847937 0.953720281606 0.952891924587 0.952052412077 0.951201478023 0.950338914334 0.949464548902 0.948578233172 0.947679834704 0.946769232513
0.977586673363 0.975951611493 0.974274557096 0.97251583237 0.970664742859 0.968715399536 0.966663305214 0.964504514581 0.962235364281 0.959852373828 0.957352208683 0.954731669243 0.951987691779 0.94911735525 0.94611789114 0.942986694792
0.991828268326 0.988552363486 0.98425533413 0.978700630377 0.971654648263 0.962890840596 0.952203190285 0.939420846195 0.924421434006 0.907141297151 0.887581477335 0.86580890143 0.841952914539 0.816197863637 0.78877280711 0.759939575907
