Scenario10-maxBackOff=0.12s
numNodes= 50 100 150 200 250 300 350 400 450 500 550 600 650 700 750 800
mediaExp= 0.1 0.125 0.15 0.2



ChannelOccupation
54.2833333333 54.4166666667 54.6583333333 54.9416666667 54.75 54.725 54.6916666667 54.525 54.4583333333 54.45 54.9083333333 54.8 54.7916666667 54.75 54.6916666667 54.8416666667
56.975 57.0833333333 57.4083333333 57.2916666667 57.2 57.3333333333 56.925 57.35 57.275 57.175 56.9666666667 56.9083333333 56.7583333333 56.9 57.0666666667 56.8833333333
58.9583333333 58.9333333333 58.8333333333 58.75 58.5916666667 58.2416666667 58.3 57.7916666667 57.425 57.325 56.875 56.575 56.0666666667 55.4333333333 54.6083333333 54.6
60.6666666667 60.1416666667 58.9583333333 56.8666666667 54.2833333333 51.225 47.5333333333 43.875 40.0416666667 35.2833333333 30.8666666667 27.2833333333 24.3333333333 20.75 17.5416666667 15.0833333333


SuccessCycles%
68.12 68.32 69.04 69.92 69.36 69.24 69.12 68.68 68.36 68.56 69.76 69.6 69.48 69.32 69.2 69.6
76.28 76.68 77.72 77.44 77.0 77.44 76.12 77.52 77.24 76.96 76.28 75.96 75.48 76.08 76.56 75.96
83.16 83.16 82.72 82.48 81.88 80.56 80.92 79.08 77.8 77.48 76.0 75.0 73.44 71.32 68.92 68.84
89.68 87.52 83.24 76.0 68.0 59.8 51.12 43.76 37.08 30.12 24.36 20.36 17.32 14.08 11.2 9.32


Fairness%
260.56 130.32 87.16 65.68 52.24 43.28 37.08 32.36 28.6 25.68 23.48 21.4 19.84 18.24 17.0 15.92
273.52 136.72 91.48 68.28 54.52 45.44 38.6 34.04 30.12 26.88 24.44 22.24 20.52 19.0 17.96 16.72
283.0 141.2 93.84 70.24 55.88 46.28 39.56 34.2 30.24 27.04 24.24 22.04 20.2 18.52 17.04 15.92
291.2 144.08 94.08 67.88 51.76 40.56 32.2 25.88 20.88 16.44 13.04 10.48 8.6 6.72 5.16 3.96

Analytical
0.923821990154 0.923456258395 0.923206361186 0.922984898375 0.922774540606 0.922569546704 0.922367449316 0.922167010265 0.921967562412 0.921768693891 0.921570136008 0.921371715832 0.921173318265 0.920974859646 0.920776275257 0.920577514964
0.959373968624 0.9585144434 0.95772010832 0.956933502071 0.956143148235 0.9553451685 0.954537847937 0.953720281606 0.952891924587 0.952052412077 0.951201478023 0.950338914334 0.949464548902 0.948578233172 0.947679834704 0.946769232513
0.977586673363 0.975951611493 0.974274557096 0.97251583237 0.970664742859 0.968715399536 0.966663305214 0.964504514581 0.962235364281 0.959852373828 0.957352208683 0.954731669243 0.951987691779 0.94911735525 0.94611789114 0.942986694792
0.991828268326 0.988552363486 0.98425533413 0.978700630377 0.971654648263 0.962890840596 0.952203190285 0.939420846195 0.924421434006 0.907141297151 0.887581477335 0.86580890143 0.841952914539 0.816197863637 0.78877280711 0.759939575907
