Scenario1
numNodes= 50 100 150 200 250 300 350 400 450 500 550 600 650 700 750 800
mediaExp= 0.1 0.125 0.15 0.2



ChannelOccupation
49.32 49.06 49.1266666667 49.24 49.5466666667 49.2066666667 49.0333333333 49.64 49.46 49.32 49.1933333333 49.34 49.5066666667 49.5066666667 49.34 49.48
54.4333333333 54.68 54.1666666667 54.4733333333 54.8333333333 54.3866666667 54.1333333333 53.9466666667 53.6533333333 53.3466666667 52.9533333333 52.8466666667 52.68 52.2266666667 51.8533333333 51.6
58.3733333333 57.78 57.3333333333 56.5066666667 55.48 54.2666666667 53.2266666667 51.6066666667 49.2266666667 47.7533333333 46.0266666667 44.0666666667 42.1533333333 39.52 38.0133333333 36.0533333333
61.1933333333 56.0066666667 48.56 38.9533333333 29.6533333333 21.1333333333 14.3 9.61333333333 6.32666666667 3.60666666667 2.2 1.54 0.86 0.473333333333 0.326666666667 0.146666666667


SuccessCycles%
33.8 33.44 33.64 33.72 34.08 33.6 33.32 34.28 34.0 33.76 33.64 33.84 34.04 34.12 33.88 34.08
42.12 42.52 41.44 42.2 42.88 42.08 41.6 41.32 40.72 40.24 39.48 39.4 39.0 38.36 37.72 37.32
50.16 48.76 47.76 46.04 44.12 41.8 39.96 37.24 33.72 31.6 29.36 27.0 24.92 22.12 20.72 18.96
56.88 44.92 32.76 21.68 14.0 8.64 5.04 3.04 1.8 0.8 0.08 0.0 0.0 0.0 0.0 0.0


Fairness%
296.04 146.84 97.88 73.48 59.0 48.84 41.56 36.8 32.6 29.04 26.4 24.24 22.4 20.76 19.28 18.08
326.6 163.76 108.08 81.28 65.44 53.96 46.04 40.04 35.4 31.56 28.4 25.92 23.84 21.92 20.32 18.8
350.24 173.16 114.28 84.48 66.16 53.84 45.2 38.12 32.32 28.24 24.68 21.44 18.88 16.52 14.76 13.0
367.16 167.8 96.84 58.16 35.2 20.72 11.84 6.8 3.8 1.68 0.84 0.28 0.0 0.0 0.0 0.0

Analytical
0.657287546439 0.655958908433 0.654842219593 0.653586301044 0.652536820455 0.651596570325 0.650626209115 0.649581901764 0.648481250117 0.647358532122 0.646242101807 0.645147969384 0.644081006312 0.643038585593 0.642014196538 0.641000147683
0.733146389634 0.727275699732 0.721596120583 0.715826792853 0.709890977113 0.70402568086 0.698179301415 0.692248554846 0.68620013496 0.680055279459 0.673849894622 0.66761117943 0.661351440949 0.655070880337 0.648762946264 0.642419071248
0.784555242518 0.767765448574 0.750445257042 0.732493491951 0.713929481983 0.694777507405 0.67511160065 0.655004214595 0.634521062379 0.613731992913 0.592714962144 0.571553554965 0.550332823256 0.529135987929 0.508042494136 0.487127055936
0.831362306816 0.766436680907 0.691374162567 0.610205874779 0.527787998077 0.448538922066 0.37566576838 0.31096896895 0.255050181065 0.207681589705 0.168155510644 0.135543810673 0.108865087057 0.0871808924039 0.0696439695665 0.0555166078137
