Scenario3-3000b,600,0.1s-#19.sca-3000b
numNodes= 50 100 150 200 250 300 350 400 450 500 550 600
maxBackOff= 0.04 0.06 0.1



ChannelOccupation
45.8125 46.08125 46.00625 45.6125 45.18125 45.1 44.575 44.29375 44.60625 43.84375 43.38125 43.2
48.21875 47.725 47.8125 47.95 47.725 47.5 47.51875 47.6625 47.375 47.1875 47.34375 46.91875
46.04375 46.15 46.1375 45.75625 46.0875 46.3625 46.2125 45.9875 45.81875 46.0 45.84375 45.71875


SuccessCycles%
33.55 33.95 33.8 33.25 32.7 32.45 31.7 31.4 31.75 30.8 30.25 30.0
50.55 49.5 49.6 50.0 49.45 49.0 48.95 49.35 48.75 48.25 48.75 47.7
70.15 70.55 70.5 69.25 70.3 71.15 70.6 70.0 69.5 70.05 69.65 69.2


Fairness%
366.55 184.15 122.4 90.8 71.95 59.7 50.5 43.85 39.25 34.7 31.15 28.3
385.8 190.7 127.25 95.55 75.9 62.9 53.95 47.2 41.65 37.3 33.95 30.85
368.35 184.4 122.7 91.15 73.3 61.35 52.35 45.5 40.25 36.35 32.95 30.0
