Scenario1
numNodes= 50 100 150 200 250 300 350 400 450 500 550 600 650 700 750 800
mediaExp= 0.1 0.125 0.15 0.2



ChannelOccupation
42.25 42.31 41.82 42.33 42.29 42.635 42.34 42.355 42.055 42.43 42.575 42.32 41.915 41.955 42.66 42.005
47.455 47.955 47.305 47.325 47.43 46.935 47.01 46.76 46.38 46.255 45.6 45.985 45.505 44.905 44.71 44.09
50.805 50.74 50.23 49.525 48.555 46.775 45.545 44.13 42.455 40.355 39.05 37.2 35.835 33.58 31.93 29.38
54.42 49.21 41.225 32.29 23.785 16.65 11.23 7.415 4.46 2.885 1.765 1.11 0.6 0.345 0.3 0.135


SuccessCycles%
33.88 34.0 33.32 34.0 33.92 34.56 34.0 33.96 33.6 34.04 34.36 34.04 33.48 33.4 34.52 33.52
42.64 43.4 42.12 42.32 42.52 41.52 41.6 41.12 40.56 40.32 39.16 39.76 39.08 38.0 37.8 36.72
49.08 49.0 47.88 46.4 44.44 41.12 39.08 36.8 34.12 31.2 29.36 27.0 25.44 22.88 21.12 18.72
57.52 45.84 32.36 21.36 13.72 8.56 5.12 3.12 1.48 0.88 0.12 0.0 0.0 0.0 0.0 0.0


Fairness%
338.0 168.96 111.24 84.32 67.24 56.4 48.04 41.84 36.88 33.6 30.44 27.76 25.36 23.48 22.2 20.48
379.72 191.56 125.76 94.36 75.56 62.08 53.32 46.32 40.8 36.56 32.72 30.24 27.56 25.16 23.36 21.64
406.48 202.76 133.6 98.64 77.4 62.0 51.64 43.68 37.2 31.88 28.0 24.44 21.52 18.68 16.6 14.16
435.44 196.56 109.6 64.16 37.6 21.72 12.44 6.96 3.48 1.88 0.92 0.08 0.0 0.0 0.0 0.0

Analytical
0.657287546439 0.655958908433 0.654842219593 0.653586301044 0.652536820455 0.651596570325 0.650626209115 0.649581901764 0.648481250117 0.647358532122 0.646242101807 0.645147969384 0.644081006312 0.643038585593 0.642014196538 0.641000147683
0.733146389634 0.727275699732 0.721596120583 0.715826792853 0.709890977113 0.70402568086 0.698179301415 0.692248554846 0.68620013496 0.680055279459 0.673849894622 0.66761117943 0.661351440949 0.655070880337 0.648762946264 0.642419071248
0.784555242518 0.767765448574 0.750445257042 0.732493491951 0.713929481983 0.694777507405 0.67511160065 0.655004214595 0.634521062379 0.613731992913 0.592714962144 0.571553554965 0.550332823256 0.529135987929 0.508042494136 0.487127055936
0.831362306816 0.766436680907 0.691374162567 0.610205874779 0.527787998077 0.448538922066 0.37566576838 0.31096896895 0.255050181065 0.207681589705 0.168155510644 0.135543810673 0.108865087057 0.0871808924039 0.0696439695665 0.0555166078137
