Scenario2-4000b,0.2,0.18s-#24.sca-4000b
maxBackOff= 0.03 0.04 0.05 0.06 0.07 0.08 0.09 0.1 0.11 0.12 0.13 0.14 0.15 0.16 0.17 0.18
mediaExp= 0.1 0.125 0.15 0.2



ChannelOccupation
40.4266666667 46.4266666667 49.3133333333 50.3066666667 51.16 50.6466666667 50.7066666667 50.3933333333 49.6 48.9466666667 48.22 47.6733333333 46.7733333333 46.1066666667 45.5733333333 44.8066666667
44.92 51.1266666667 53.34 54.1666666667 54.92 54.12 54.0 53.2066666667 52.5133333333 51.6533333333 50.7066666667 49.8266666667 48.9466666667 48.2 47.3066666667 46.4666666667
32.5933333333 43.08 47.9133333333 50.5466666667 52.08 52.8133333333 53.1533333333 52.7266666667 52.6066666667 51.58 50.9533333333 50.3333333333 49.32 48.5133333333 47.8733333333 46.98
0.42 2.08666666667 3.39333333333 6.56 10.0933333333 14.36 18.6133333333 23.6533333333 26.9466666667 30.5666666667 32.96 35.4733333333 37.0066666667 38.4933333333 39.3533333333 39.6666666667


SuccessCycles%
15.92 25.4 33.68 40.52 47.64 52.04 57.64 62.32 65.44 68.6 71.48 74.6 76.48 78.84 81.28 82.96
19.48 30.96 40.12 47.92 56.0 60.32 66.28 70.2 74.08 77.12 79.32 81.72 83.8 86.28 87.64 88.96
11.08 21.88 31.72 41.04 49.52 57.12 63.92 68.76 74.2 76.76 80.2 83.36 85.12 87.16 89.76 91.04
0.0 0.04 0.76 2.24 4.44 7.68 11.92 17.92 23.4 30.4 36.48 43.92 50.12 56.84 62.28 66.64


Fairness%
23.68 27.44 29.16 29.8 30.24 29.92 30.04 29.72 29.24 28.92 28.48 28.12 27.68 27.16 26.92 26.48
26.48 30.28 31.64 32.12 32.52 32.08 31.88 31.36 31.08 30.56 29.96 29.48 28.88 28.48 28.0 27.36
19.08 25.4 28.28 29.88 30.84 31.32 31.4 31.16 31.08 30.52 30.2 29.8 29.12 28.64 28.2 27.76
0.0 0.92 1.56 3.4 5.64 8.2 10.76 13.68 15.68 17.8 19.32 20.8 21.76 22.64 23.12 23.36
