Scenario10-maxBackOff=0.12s
numNodes= 50 100 150 200 250 300 350 400 450 500 550 600 650 700 750 800
mediaExp= 0.1 0.125 0.15 0.2



ChannelOccupation
42.13 42.035 41.965 42.015 41.795 42.01 41.895 42.075 42.045 42.205 42.075 41.975 41.875 41.92 41.835 41.8
44.42 44.405 44.395 44.485 44.57 44.4 44.35 44.47 44.49 44.345 44.225 44.17 44.065 44.21 44.165 43.945
46.395 46.185 46.09 46.09 46.105 45.57 45.5 45.125 44.755 44.31 43.955 43.775 43.315 42.6 42.24 41.535
48.015 47.325 46.215 44.31 41.86 38.65 35.59 32.17 28.465 25.125 21.405 18.76 15.715 13.265 10.88 9.69


SuccessCycles%
69.72 69.16 69.08 69.16 68.44 69.08 68.92 69.36 69.32 69.84 69.44 69.08 68.76 68.84 68.64 68.56
76.84 76.8 76.76 77.0 77.2 76.72 76.6 77.0 77.0 76.52 76.2 76.08 75.68 76.12 75.92 75.28
83.48 82.8 82.4 82.32 82.44 80.64 80.32 79.2 77.92 76.4 75.24 74.64 73.32 71.08 70.04 67.76
89.72 87.08 82.96 76.4 68.76 59.68 52.04 44.28 36.8 30.92 24.96 20.96 16.76 13.64 10.72 9.36


Fairness%
337.08 167.92 111.64 83.68 66.44 55.56 47.48 41.52 36.96 33.4 30.08 27.48 25.36 23.44 21.84 20.44
355.44 177.44 117.96 88.56 70.88 58.88 50.16 43.96 39.16 35.08 31.72 29.0 26.52 24.84 23.12 21.52
371.2 184.4 122.56 91.84 73.4 60.4 51.68 44.8 39.28 34.96 31.52 28.84 26.24 23.84 22.08 20.2
384.12 189.08 122.88 88.28 66.6 51.12 40.2 31.8 24.88 19.72 15.12 12.08 9.2 7.16 5.36 4.4

Analytical
0.923821990154 0.923456258395 0.923206361186 0.922984898375 0.922774540606 0.922569546704 0.922367449316 0.922167010265 0.921967562412 0.921768693891 0.921570136008 0.921371715832 0.921173318265 0.920974859646 0.920776275257 0.920577514964
0.959373968624 0.9585144434 0.95772010832 0.956933502071 0.956143148235 0.9553451685 0.954537847937 0.953720281606 0.952891924587 0.952052412077 0.951201478023 0.950338914334 0.949464548902 0.948578233172 0.947679834704 0.946769232513
0.977586673363 0.975951611493 0.974274557096 0.97251583237 0.970664742859 0.968715399536 0.966663305214 0.964504514581 0.962235364281 0.959852373828 0.957352208683 0.954731669243 0.951987691779 0.94911735525 0.94611789114 0.942986694792
0.991828268326 0.988552363486 0.98425533413 0.978700630377 0.971654648263 0.962890840596 0.952203190285 0.939420846195 0.924421434006 0.907141297151 0.887581477335 0.86580890143 0.841952914539 0.816197863637 0.78877280711 0.759939575907
