Scenario1
numNodes= 50 100 150 200 250 300 350 400 450 500 550 600 650 700 750 800
mediaExp= 0.1 0.125 0.15 0.2



ChannelOccupation
54.7166666667 54.925 54.7 54.8666666667 54.7666666667 54.9916666667 54.7833333333 54.4333333333 54.35 54.825 55.1833333333 54.4583333333 55.1583333333 54.6833333333 54.7416666667 55.375
60.1166666667 59.975 60.4416666667 59.9 59.9416666667 59.7416666667 59.3 59.8666666667 59.4333333333 58.75 58.6333333333 58.2166666667 58.2583333333 57.6333333333 57.525 57.3166666667
63.5 63.425 62.325 61.7666666667 60.7333333333 59.3833333333 58.5083333333 56.6916666667 55.075 53.2583333333 51.5333333333 50.0333333333 47.5583333333 45.15 43.7083333333 41.4833333333
66.425 61.725 53.9916666667 44.5333333333 33.9916666667 25.5083333333 17.4833333333 11.6833333333 7.3 4.91666666667 2.69166666667 1.65 1.01666666667 0.625 0.366666666667 0.225


SuccessCycles%
33.52 33.96 33.56 33.68 33.68 33.84 33.72 33.16 33.04 33.76 34.24 33.2 34.16 33.52 33.64 34.52
42.44 42.32 43.04 42.12 42.12 41.8 41.04 41.92 41.16 39.96 39.88 39.16 39.12 38.12 37.96 37.48
49.72 49.48 47.0 45.8 43.76 41.08 39.64 36.44 34.04 31.4 29.28 27.48 24.8 22.4 20.96 19.04
57.2 45.76 32.6 21.68 13.6 8.76 5.16 3.08 1.64 0.92 0.16 0.0 0.0 0.0 0.0 0.0


Fairness%
262.64 131.6 87.08 65.52 52.24 43.56 37.28 32.16 28.48 25.88 23.56 21.24 19.88 18.32 17.08 16.08
288.56 143.68 96.44 71.64 57.2 47.36 40.28 35.6 31.32 27.72 25.08 22.84 20.92 19.16 17.84 16.8
304.84 151.88 99.32 73.72 57.96 47.16 39.72 33.64 28.96 25.2 22.08 19.52 17.0 15.04 13.44 12.0
318.88 147.88 86.04 53.08 32.2 20.04 11.52 6.6 3.4 1.88 0.64 0.08 0.0 0.0 0.0 0.0

Analytical
0.657287546439 0.655958908433 0.654842219593 0.653586301044 0.652536820455 0.651596570325 0.650626209115 0.649581901764 0.648481250117 0.647358532122 0.646242101807 0.645147969384 0.644081006312 0.643038585593 0.642014196538 0.641000147683
0.733146389634 0.727275699732 0.721596120583 0.715826792853 0.709890977113 0.70402568086 0.698179301415 0.692248554846 0.68620013496 0.680055279459 0.673849894622 0.66761117943 0.661351440949 0.655070880337 0.648762946264 0.642419071248
0.784555242518 0.767765448574 0.750445257042 0.732493491951 0.713929481983 0.694777507405 0.67511160065 0.655004214595 0.634521062379 0.613731992913 0.592714962144 0.571553554965 0.550332823256 0.529135987929 0.508042494136 0.487127055936
0.831362306816 0.766436680907 0.691374162567 0.610205874779 0.527787998077 0.448538922066 0.37566576838 0.31096896895 0.255050181065 0.207681589705 0.168155510644 0.135543810673 0.108865087057 0.0871808924039 0.0696439695665 0.0555166078137
