Scenario3-4000b,600,0.1s-#19.sca-4000b
numNodes= 50 100 150 200 250 300 350 400 450 500 550 600
maxBackOff= 0.04 0.06 0.1



ChannelOccupation
53.525 53.25 52.8416666667 52.925 52.3916666667 52.2666666667 52.2583333333 51.6166666667 51.5083333333 51.0 51.0833333333 50.125
55.325 55.375 55.2583333333 55.1833333333 54.8583333333 54.675 54.525 54.6083333333 54.4666666667 54.4333333333 54.0 53.8416666667
53.4166666667 53.2333333333 53.2083333333 53.1166666667 53.425 53.1833333333 53.3166666667 53.2583333333 52.85 52.8416666667 52.875 52.9


SuccessCycles%
34.35 34.0 33.45 33.5 32.65 32.5 32.6 31.6 31.5 30.85 31.0 29.75
50.4 50.55 50.25 50.1 49.3 48.95 48.8 48.9 48.65 48.55 47.55 47.25
70.85 70.25 70.1 69.85 70.95 70.2 70.55 70.4 69.1 69.15 69.25 69.25


Fairness%
321.15 159.4 105.4 78.95 62.55 51.9 44.3 38.3 33.95 30.1 27.4 24.45
332.05 165.85 110.15 82.5 65.5 54.35 46.25 40.4 35.85 32.35 28.9 26.4
320.5 159.45 106.0 79.45 63.6 52.75 45.4 39.45 34.75 31.5 28.5 26.05
